    0    1   54  60  63  74   77   89   93 100  108  114 124
    0    2   69  75  81  90   97  120  114 119  126  138 143
    0    3   77  81  87  94  101  110  117 124  134  141 151
    0    4   64  69  77  83   88   96  104 109  120  123 131
    0    5   51  58  62  71   74   81   88  93   99  103 113
    0    6   64  71  77  89   90  100  106 114  122  134 139
    0    7   80  91  97  101 111  119  129 131  137  147 154
    0    8   79  85  89  99  104  105  116 121  132  139 147
    0    9   77  82  88  92  101  109  119 127  135  144 158
    0    10  79  84  91  98  107  114  119 131  137  146 155
    .5   1   62  71  75  79   87   91  100 105  111  121 124
    .5   2   68  73  81  89   94  101  110 114  123  132 139
    .5   3   94 102 109 110  128  133  147 151  153  171 184
    .5   4   81  90  95 102  109  120  128 137  141  154 160
    .5   5   64  69  72  76   84   89   97 103  108  114 124
    .5   6   67  74  81  81   84   95  100 109  119  128 130
    .5   7   73  80  86  89   97  101  110 116  117  135 141
    .5   8   71  74  82  84   93   97  102 113  119  124 131
    .5   9   69  74  79  89   94  100  107 113  124  134 139
    .5   10  60  62  67  74   78   85   92 103  112  121 130
     1   1   59  63  66  75   80   87   99 104  110  115 124
     1   2   56  66  70  81   77   88   96 100  113  120 130
     1   3   71  77  84  80   97  106  111 109  128  133 140
     1   4   59  64  69  76   85   88   96 104  110  119 126
     1   5   65  70  73  77   85   92   96 101  111  118 121
     1   6   61  69  77  81   89   92  107 111  118  127 132
     1   7   80  86  95  99  106  113  127 131  142  150 160
     1   8   74  80  84  90   99  101  108 117  126  133 140
     1   9   71  79  88  90   98  102  116 121  127  139 142
     1   10  69  75  80  86   96   97  104 113  122  129 138
   4     1   64  71  79  82   85   94  103 110  113  122 125
   4     2   53  57  61  72   74   76   81  91   99  100 105
   4     3   64  69  76  85   89   96  104 108  116  120 128
   4     4   68  69  78  82   91   97  104 108  115  122 132
   4     5   69  74  80  85   90   99  104 114  123  129 133
   4     6   85  91  98 100  105  104  118 121  130  141 141
   4     7   75  82  85  92   99  107  112 125  130  137 146
   4     8   57  61  65  68   77   81   87  91   95  101 107
   4     9   69  72  77  80   84   91   96 103  109  116 125
   4     10  66  68  76  81   88   95  103 106  112  119 130
   8     1   57  64  70  76   80   90   93  99  105  113 118
   8     2   62  67  74  83   87   93  104 108  114  124 129
   8     3   60  68  73  80   83   94  101 106  112  122 131
   8     4   64  66  76  81   91  100  102 111  120  128 136
   8     5   57  60  67  73   67   64   75  85   89   98 105
   8     6   78  83  89  99  105  113  117 128  132  139 149
   8     7   81  81  92 100  108  119  120 133  138  149 157
   8     8   46  47  51  55   63   65   68  74   78   85  90
   8     9   69  72  74  76   77   82   82  90   95  101 103
   8     10  67  77  83  83   92   99  104 108  114  118 129


